# Point annotations for bee_frame_sample.png
# Total points: 1310
168 28
184 26
197 25
213 26
227 24
242 26
272 25
288 26
300 26
315 26
331 26
347 25
361 26
391 26
421 25
437 26
450 25
481 27
494 26
511 26
526 26
542 26
278 93
293 92
307 92
321 92
337 92
350 93
367 92
381 92
284 186
298 187
313 187
327 188
358 188
372 187
390 187
312 212
327 213
343 213
433 188
450 188
464 188
480 189
493 188
525 188
540 189
456 200
472 200
485 201
435 215
448 215
463 214
494 214
525 214
599 216
614 215
631 215
644 215
660 215
690 214
705 214
585 188
600 189
615 190
630 190
645 190
660 189
675 189
722 190
738 189
752 189
767 188
780 189
799 189
812 189
827 189
844 189
857 189
571 27
601 28
617 27
632 27
647 27
662 28
691 29
721 29
706 28
736 28
752 28
767 29
826 30
902 32
931 31
145 40
159 40
175 40
188 39
203 39
218 38
234 38
249 38
266 38
279 38
293 38
323 39
338 39
367 39
383 39
397 39
412 40
427 39
443 40
456 38
473 38
487 38
503 39
517 39
533 40
548 40
594 40
608 39
623 39
638 39
654 39
668 41
683 40
698 41
728 43
744 42
760 43
774 42
788 43
819 44
833 43
849 42
879 44
909 45
924 45
939 45
137 53
167 53
182 51
197 52
210 52
225 51
271 50
301 52
330 51
345 50
374 51
390 52
419 52
449 51
435 51
465 50
479 50
494 51
511 52
539 53
571 53
586 54
601 54
617 53
646 55
676 54
691 54
706 54
722 55
737 54
753 54
767 54
783 54
796 55
812 56
826 56
843 56
872 56
902 58
918 57
933 57
947 59
143 67
174 67
188 65
202 65
217 63
231 63
248 63
262 62
277 63
292 64
322 64
352 63
366 63
381 62
396 63
412 63
427 63
442 64
457 65
471 64
488 64
504 65
517 65
533 66
548 65
578 67
610 67
594 66
625 67
637 68
653 67
683 70
714 68
728 67
743 67
759 68
774 68
790 69
804 70
820 70
835 68
881 70
894 69
925 71
137 78
165 79
194 77
209 77
239 77
269 76
298 79
317 78
283 77
343 79
361 78
374 76
390 78
419 79
451 79
434 79
495 80
510 80
540 79
570 79
587 81
601 81
615 80
631 80
647 81
676 82
736 81
753 80
781 81
798 83
812 82
843 83
872 83
888 82
903 83
919 83
933 83
947 85
963 85
158 92
172 92
187 91
201 91
231 91
245 91
262 90
397 93
412 92
428 92
441 93
457 91
469 92
487 92
517 92
530 92
547 92
577 93
593 93
607 93
623 94
639 94
653 94
668 95
698 96
713 96
728 95
744 94
759 95
773 95
789 94
805 96
833 96
848 96
819 96
879 95
910 96
940 98
420 106
449 106
465 106
494 108
510 107
525 107
553 108
584 108
601 107
632 109
647 108
663 107
675 107
706 109
721 108
691 108
736 108
751 108
767 108
796 108
811 108
827 109
841 109
888 110
905 110
917 110
933 110
947 110
992 112
72 117
87 116
101 115
128 114
156 115
171 117
187 117
201 117
230 117
246 117
262 116
291 117
308 117
322 118
337 119
350 118
367 119
381 119
395 118
412 118
427 118
444 119
471 119
458 118
487 121
501 120
518 120
532 120
548 120
578 121
594 121
608 121
623 121
639 122
668 121
699 122
746 122
761 121
776 122
790 121
804 122
821 121
836 121
849 121
866 122
897 123
927 123
941 123
959 122
64 131
79 129
93 127
122 129
134 128
149 129
163 130
179 131
194 130
209 129
222 130
238 130
269 131
285 131
301 131
331 132
359 132
373 132
389 133
420 133
434 133
447 133
465 132
480 133
525 134
540 134
570 134
586 135
601 135
629 135
645 135
661 135
675 135
691 135
706 136
722 136
766 136
813 136
827 136
843 136
871 136
888 136
903 136
933 137
949 135
963 134
100 141
129 142
156 143
171 143
186 142
200 142
215 144
231 145
245 144
273 144
289 144
304 145
322 145
351 147
367 146
380 146
396 146
427 147
442 146
471 147
486 148
502 147
517 147
530 147
546 147
608 148
623 147
653 147
668 148
684 147
698 147
713 148
730 149
744 149
758 149
774 148
836 149
895 149
942 150
957 149
92 155
120 154
135 155
150 156
165 156
180 156
192 156
209 157
224 158
268 158
282 158
298 159
314 159
344 160
358 159
373 159
419 159
432 160
447 160
464 160
480 160
509 160
494 161
524 161
538 161
554 161
569 161
615 162
630 162
644 162
661 162
691 162
705 162
722 162
752 163
766 163
813 163
828 163
843 163
890 163
920 163
934 161
951 162
966 162
981 162
104 182
118 182
135 182
150 182
163 183
178 183
194 183
209 184
252 185
266 185
570 189
873 189
888 189
904 188
920 188
934 187
950 188
83 194
97 193
127 195
156 196
171 195
200 197
215 198
230 197
276 198
291 198
319 200
334 200
349 200
365 200
396 200
425 200
532 202
548 201
577 200
592 199
622 202
652 203
668 202
683 202
701 203
714 202
730 202
743 201
759 202
774 202
805 202
819 202
834 202
851 201
881 200
912 202
927 200
942 200
956 200
973 201
987 201
76 208
102 207
118 207
134 207
148 208
163 208
194 211
222 211
237 210
267 211
373 213
388 212
721 215
751 216
766 215
781 215
796 215
810 214
827 215
843 214
873 214
889 214
904 215
919 214
934 214
950 213
967 213
80 221
95 220
125 221
140 221
155 221
171 223
187 222
216 223
274 226
290 225
304 225
318 225
334 225
349 225
426 227
454 227
470 227
486 227
501 228
518 228
546 229
576 229
592 229
608 229
622 229
638 229
653 229
667 229
683 229
712 228
728 229
743 229
760 229
776 229
791 229
805 229
835 227
881 226
896 227
912 227
929 227
73 234
88 234
101 233
133 234
146 233
194 237
223 236
237 236
266 238
281 238
298 238
327 239
341 238
356 238
373 240
417 240
432 241
447 240
461 240
477 240
494 240
508 241
523 241
540 241
553 241
569 243
598 242
614 242
646 242
660 242
674 242
691 241
706 241
721 242
736 241
750 241
767 243
782 243
812 242
826 243
858 242
874 241
890 240
905 240
921 241
950 242
79 248
123 248
155 249
140 248
170 249
185 249
199 249
214 250
228 250
243 249
759 257
776 256
805 257
819 256
835 256
851 256
102 262
133 262
161 263
179 263
206 263
222 262
266 265
281 265
297 265
311 266
326 267
341 266
356 266
371 267
386 266
401 267
417 267
448 268
493 268
508 269
553 268
568 268
583 268
599 268
614 268
630 268
644 268
659 268
675 269
706 269
735 269
751 269
766 270
795 270
812 270
828 269
844 269
858 269
874 268
888 269
905 268
920 268
936 268
966 268
984 268
126 276
141 276
154 276
170 276
185 275
199 276
213 276
228 277
244 278
275 280
290 279
305 279
318 279
335 279
350 280
365 280
380 280
394 280
440 282
454 282
484 282
499 282
531 283
577 282
592 281
607 281
622 282
637 282
652 283
667 283
683 282
697 283
713 282
727 283
747 284
760 284
773 284
789 284
804 284
820 283
836 283
850 283
880 282
898 281
912 281
927 282
975 282
88 289
104 289
117 288
132 288
147 289
163 289
176 288
192 289
206 289
220 290
237 291
267 292
281 292
295 292
311 293
326 293
341 293
357 293
372 294
387 294
433 296
448 295
477 294
492 294
523 296
540 296
598 296
614 295
629 295
660 297
674 296
691 296
707 296
721 296
737 296
753 296
766 296
782 296
797 296
812 297
827 296
844 297
858 296
875 295
889 295
905 293
935 296
952 295
124 301
139 301
155 301
170 301
184 301
199 301
216 304
745 256
245 305
274 305
290 305
305 305
319 306
334 306
348 306
364 307
380 307
398 308
425 308
439 308
455 308
470 308
485 309
498 309
517 311
531 310
547 310
576 310
592 310
606 310
622 309
638 309
653 309
669 309
684 309
700 308
729 310
743 309
760 310
790 309
820 311
834 310
849 309
881 309
897 308
925 309
944 309
149 314
164 314
178 316
193 316
223 317
268 319
282 319
297 318
329 321
357 321
372 320
387 321
418 322
432 321
463 321
447 321
478 322
493 322
508 323
523 323
538 323
570 323
584 323
599 324
614 324
629 323
660 323
675 323
692 324
706 324
735 324
752 324
768 324
782 324
795 324
814 323
826 323
844 322
857 321
889 323
905 323
917 323
934 323
952 323
133 341
148 341
164 342
179 342
207 343
222 343
239 343
269 345
282 345
296 345
313 346
328 346
358 346
371 347
388 346
419 348
432 348
479 350
508 350
539 349
552 348
584 350
600 351
614 351
644 350
630 351
661 351
675 350
691 350
705 350
752 351
769 351
781 350
798 351
814 351
827 349
845 349
889 350
906 349
922 349
936 349
953 349
128 352
154 352
167 352
184 353
199 353
212 353
230 353
275 357
288 357
321 358
352 359
366 359
379 359
396 359
426 361
440 361
455 361
470 362
488 362
500 362
514 362
548 362
532 361
577 363
592 362
607 362
622 362
639 362
654 362
667 362
683 362
699 363
728 363
744 363
759 362
776 363
791 362
803 362
820 363
834 363
851 363
882 363
898 362
913 361
928 362
944 362
959 362
975 362
132 366
160 366
173 366
206 366
220 367
237 368
267 369
281 370
294 370
327 371
343 372
357 372
373 372
403 372
432 373
448 373
462 373
493 375
509 375
583 375
599 376
616 376
628 375
646 376
677 376
693 376
663 375
706 377
736 376
752 376
766 375
783 377
798 377
813 376
828 375
905 374
921 374
937 374
139 381
154 381
183 381
197 380
213 379
229 380
274 382
304 384
334 385
350 385
380 385
394 385
440 387
456 387
470 388
487 387
501 387
515 386
592 390
624 390
638 390
669 389
699 389
654 390
731 390
746 390
776 391
788 391
804 389
820 389
851 390
883 389
913 388
926 387
944 387
962 388
175 396
189 395
204 395
235 395
265 396
281 396
297 395
311 397
328 398
341 397
358 398
387 399
400 399
430 399
447 400
462 401
479 400
494 400
508 400
130 421
146 421
160 421
176 421
189 422
202 423
219 423
235 424
280 425
297 425
311 424
326 426
341 427
372 427
385 428
433 428
447 428
462 428
479 429
495 428
509 429
524 429
540 429
600 431
630 430
646 431
662 431
678 431
693 430
707 430
739 431
768 430
797 430
813 429
890 429
920 430
944 443
139 436
154 437
167 437
182 437
197 437
289 439
274 439
304 438
334 438
349 438
364 439
379 439
397 440
426 442
441 442
454 442
471 443
487 443
517 442
578 444
593 443
608 442
639 444
653 443
669 443
684 443
699 444
743 444
759 444
806 445
822 444
130 449
146 449
158 449
174 449
193 450
235 452
249 452
242 438
280 452
298 454
311 453
328 454
342 454
357 453
373 453
433 457
448 456
510 457
524 457
541 458
553 457
600 458
616 458
631 457
646 456
660 456
676 457
694 458
709 458
735 457
798 458
123 463
137 462
153 462
183 462
243 468
275 468
289 468
304 467
319 466
334 468
348 468
366 468
378 468
397 468
426 470
440 470
455 469
471 469
488 469
503 469
517 469
531 469
548 469
578 471
593 470
608 470
624 471
640 471
668 471
684 470
699 471
746 473
792 471
808 471
905 458
193 480
207 479
222 479
236 478
283 480
297 481
358 483
374 481
344 482
432 484
449 483
464 482
479 482
493 483
509 483
526 483
542 483
554 484
585 484
601 484
616 484
633 484
648 484
662 485
679 484
692 484
738 486
753 486
207 504
222 503
237 505
285 506
313 508
328 507
343 507
375 506
434 509
449 509
464 509
478 510
494 509
511 509
525 509
539 509
587 512
601 512
631 512
647 512
663 512
677 512
693 511
323 521
337 521
352 521
366 521
382 522
444 524
549 526
638 525
669 527
686 526
703 526
